learning evaluation instances,evaluation time (cpu seconds),model cost (RAM-Hours),classified instances,AUC,sAUC,Accuracy,Kappa,Periodical holdout AUC,Pos/Neg ratio,G-Mean,Recall,KappaM,model training instances,model serialized size (bytes),tree size (nodes),tree size (leaves),active learning leaves,tree depth,active leaf byte size estimate,inactive leaf byte size estimate,byte size estimate overhead
1000.0,0.18692026,1.423612561490801E-10,1000.0,0.9868751275862483,0.8978432395398208,0.966,0.9318760143461099,0.0,1.053388090349076,0.9651329864929357,0.9883040935672515,0.9300411522633745,1000.0,2944.0,1.0,1.0,1.0,0.0,0.0,0.0,1.0
2000.0,0.221689603,1.68842106031047E-10,2000.0,0.9954677099334357,0.9163200279570523,0.978,0.9560126683515148,0.9868751275862483,0.9841269841269841,0.9779310846625167,1.0,0.9545923632610939,2000.0,2944.0,1.0,1.0,1.0,0.0,0.0,0.0,1.0
3000.0,0.246361349,1.8763247552845216E-10,3000.0,0.996135860890992,0.9220959541129509,0.979,0.957988909071995,0.9954677099334357,1.012072434607646,0.978698361405277,0.9980119284294234,0.9569965870307167,3000.0,2944.0,1.0,1.0,1.0,0.0,0.0,0.0,1.0
4000.0,0.291102182,2.8615449605716604E-10,4000.0,0.9833624060150375,0.9133097726396803,0.971,0.9419651791074645,0.996135860890992,0.9047619047619048,0.9717204338202214,0.9894736842105263,0.9401135776974703,4000.0,8512.0,5.0,3.0,3.0,2.0,0.0,0.0,1.0
5000.0,0.316024763,3.428924039089018E-10,5000.0,0.99526,0.937452134848957,0.98,0.96,0.9833624060150375,1.0,0.9798693790500854,0.996,0.9592668024439918,5000.0,8800.0,5.0,3.0,3.0,2.0,0.0,0.0,1.0
6000.0,0.337496833,3.91774994722671E-10,6000.0,0.991317186768513,0.9414508734028874,0.985,0.9700043193780096,0.99526,0.9646365422396856,0.985146916292552,0.9979633401221996,0.9694397283531409,6000.0,8800.0,5.0,3.0,3.0,2.0,0.0,0.0,1.0
7000.0,0.356268224,4.345093107554648E-10,7000.0,0.998211420500242,0.9376681429580901,0.983,0.9660097891807159,0.991317186768513,0.9646365422396856,0.9831587759776776,1.0,0.9653767820773931,7000.0,8800.0,5.0,3.0,3.0,2.0,0.0,0.0,1.0
8000.0,0.373212541,4.730841717041201E-10,8000.0,0.9956034979819335,0.9299891494777778,0.979,0.9579057087876843,0.998211420500242,1.0661157024793388,0.9781716533708494,0.998062015503876,0.9571647118816929,8000.0,8800.0,5.0,3.0,3.0,2.0,0.0,0.0,1.0
9000.0,0.389722309,5.106697530464993E-10,9000.0,0.9990319845117522,0.9437325221088638,0.987,0.9740018718652257,0.9956034979819335,0.9920318725099602,0.9869830728889826,0.9979919678714859,0.9735413839891451,9000.0,8800.0,5.0,3.0,3.0,2.0,0.0,0.0,1.0
10000.0,0.418939505,6.170935668134027E-10,10000.0,0.9881588158815882,0.9181924761502542,0.973,0.945976229540998,0.9990319845117522,1.02020202020202,0.9726739481763383,0.9900990099009901,0.945054945054945,10000.0,14080.0,9.0,5.0,5.0,4.0,0.0,0.0,1.0
11000.0,0.440912879,7.121388677590423E-10,11000.0,0.9955438432201186,0.9320717179609764,0.977,0.9540161863024215,0.9881588158815882,0.9569471624266145,0.9772319127977314,0.9959100204498977,0.9532088034029961,11000.0,16720.0,11.0,6.0,6.0,4.0,0.0,0.0,1.0
12000.0,0.460949897,8.125346560486489E-10,12000.0,0.9938491181265747,0.934165450061486,0.98,0.9599665320207693,0.9955438432201186,0.9267822736030829,0.9802487039426082,0.9875259875259875,0.9592391304347826,12000.0,19368.0,13.0,7.0,7.0,4.0,0.0,0.0,1.0
13000.0,0.475468321,8.852794438310795E-10,13000.0,0.9964576705673744,0.932364818365221,0.98,0.9599437610405008,0.9938491181265747,0.8975332068311196,0.9806141123668268,0.9936575052854123,0.9591259235969187,13000.0,19368.0,13.0,7.0,7.0,4.0,0.0,0.0,1.0
14000.0,0.489516922,9.566878034878108E-10,14000.0,0.9942351698644605,0.9217569031473224,0.976,0.9519746426112987,0.9964576705673744,1.0242914979757085,0.9756685286444374,0.9920948616600791,0.950905902980713,14000.0,19648.0,13.0,7.0,7.0,4.0,0.0,0.0,1.0
15000.0,0.50413228,1.0309769615737928E-9,15000.0,0.9960239363829821,0.9370071580762204,0.982,0.9639953914101005,0.9942351698644605,1.0080321285140563,0.9818428714650771,0.9960159362549801,0.9632002180727818,15000.0,19648.0,13.0,7.0,7.0,4.0,0.0,0.0,1.0
16000.0,0.522236893,1.1353667396389776E-9,16000.0,0.9892638282212516,0.9038264717110939,0.971,0.9420097423632829,0.9960239363829821,0.9920318725099602,0.9708218579746125,0.9939759036144579,0.9406345957011258,16000.0,22288.0,15.0,8.0,8.0,5.0,0.0,0.0,1.0
17000.0,0.543305214,1.2840969740495914E-9,17000.0,0.979311917247669,0.9088786981591914,0.975,0.9499967997951868,0.9892638282212516,1.0040080160320641,0.9748537333155192,0.9900199600798403,0.9487828392383707,17000.0,27288.0,19.0,10.0,10.0,6.0,0.0,0.0,1.0
18000.0,0.557634317,1.3852522036516004E-9,18000.0,0.9838427737507217,0.9354709204360367,0.985,0.9698872578935535,0.979311917247669,1.1008403361344539,0.9841175717148756,1.0,0.9692272623660816,18000.0,27288.0,19.0,10.0,10.0,6.0,0.0,0.0,1.0
19000.0,0.57199575,1.4876759521042308E-9,19000.0,0.9842377302331535,0.9263908828580635,0.977,0.9540143475235726,0.9838427737507217,0.9762845849802372,0.9770452727048771,0.9959514170040485,0.9528434228984568,19000.0,27568.0,19.0,10.0,10.0,6.0,0.0,0.0,1.0
20000.0,0.586510746,1.5911948905761044E-9,20000.0,0.9984687598959399,0.9495151672240896,0.984,0.9679734820431317,0.9842377302331535,0.9120458891013384,0.9845217127285699,0.9979035639412998,0.967159277504105,20000.0,27568.0,19.0,10.0,10.0,6.0,0.0,0.0,1.0
21000.0,0.601046472,1.6948616725330552E-9,21000.0,0.9977796213156354,0.9497683407759997,0.986,0.9714295043427154,0.9984687598959399,1.2935779816513762,0.9838139601860103,1.0,0.9712385051848953,21000.0,27568.0,19.0,10.0,10.0,6.0,0.0,0.0,1.0
22000.0,0.615579483,1.7985090914865336E-9,22000.0,0.9987719950879803,0.9478039664904844,0.983,0.9660013599456021,0.9977796213156354,0.9960079840319361,0.9829607646531267,0.9939879759519038,0.9651217010165065,22000.0,27568.0,19.0,10.0,10.0,6.0,0.0,0.0,1.0
23000.0,0.634794753,1.96465993223091E-9,23000.0,0.9841551199932703,0.9219404178346202,0.974,0.9478692560942844,0.9987719950879803,1.079002079002079,0.9733139056340727,0.9884393063583815,0.9466309683177152,23000.0,33424.0,23.0,12.0,12.0,8.0,0.0,0.0,1.0
24000.0,0.648984942,2.0873598387464883E-9,24000.0,0.9846900806606491,0.93628792082284,0.98,0.9599769467213114,0.9841551199932703,1.032520325203252,0.9797804612547536,0.9901574803149606,0.9589533093894305,24000.0,33424.0,23.0,12.0,12.0,8.0,0.0,0.0,1.0
25000.0,0.66290583,2.2077311499541007E-9,25000.0,0.9959418546365915,0.9539387499962851,0.989,0.97794265089232,0.9846900806606491,1.105263157894737,0.9889210849611316,0.9904761904761905,0.9773904464359122,25000.0,33424.0,23.0,12.0,12.0,8.0,0.0,0.0,1.0
26000.0,0.676502264,2.3252969681926904E-9,26000.0,0.9917428109647789,0.9528319454818285,0.987,0.9739881385911976,0.9959418546365915,1.0242914979757085,0.9867543820659302,1.0,0.9732954096547365,26000.0,33424.0,23.0,12.0,12.0,8.0,0.0,0.0,1.0
27000.0,0.689903376,2.4411738736803336E-9,27000.0,0.9851850962788706,0.948066711759478,0.986,0.9719835263134723,0.9917428109647789,1.028397565922921,0.9856989571248815,1.0,0.9712700463631526,27000.0,33424.0,23.0,12.0,12.0,8.0,0.0,0.0,1.0
28000.0,0.703383717,2.5577358574916923E-9,28000.0,0.9907634088581669,0.9530722044075801,0.988,0.975995391115094,0.9851850962788706,1.0161290322580645,0.9879020502203106,0.996031746031746,0.9753900241705119,28000.0,33424.0,23.0,12.0,12.0,8.0,0.0,0.0,1.0
29000.0,0.717025053,2.6756899349143112E-9,29000.0,0.9821937435963115,0.9436441164577121,0.983,0.9659558788189493,0.9907634088581669,1.0491803278688525,0.9825090465941493,0.998046875,0.9651343705799151,29000.0,33424.0,23.0,12.0,12.0,8.0,0.0,0.0,1.0
30000.0,0.7332569,2.8283389053328175E-9,30000.0,0.9882639530558123,0.9396821023329807,0.981,0.9619984799391975,0.9821937435963115,1.0040080160320641,0.9809402881803744,0.9900199600798403,0.961038961038961,30000.0,36352.0,25.0,13.0,13.0,9.0,0.0,0.0,1.0
31000.0,0.749209889,2.9896240061790585E-9,31000.0,0.984018401840184,0.9423891087429486,0.979,0.9580083983203359,0.9882639530558123,0.9801980198019802,0.9790361848190895,0.9939393939393939,0.9569444444444444,31000.0,39080.0,27.0,14.0,14.0,10.0,0.0,0.0,1.0
32000.0,0.762961324,3.1293628445743695E-9,32000.0,0.9931393014853472,0.9534651200369388,0.985,0.9699386748967894,0.984018401840184,0.8867924528301887,0.9856538177343461,0.997872340425532,0.9692110327132777,32000.0,39280.0,27.0,14.0,14.0,10.0,0.0,0.0,1.0
33000.0,0.776687929,3.268849366367278E-9,33000.0,0.9884383351202574,0.9449399962662955,0.984,0.9680046073365434,0.9931393014853472,0.9762845849802372,0.9840708556525023,0.9959514170040485,0.9671723451877642,33000.0,39280.0,27.0,14.0,14.0,10.0,0.0,0.0,1.0
34000.0,0.790438193,3.4085763053368373E-9,34000.0,0.9913621794871795,0.9620038432025807,0.989,0.9779770961800273,0.9884383351202574,0.9230769230769231,0.9892410001664187,0.9958333333333333,0.9774195495985026,34000.0,39280.0,27.0,14.0,14.0,10.0,0.0,0.0,1.0
35000.0,0.807087543,3.5777630723205713E-9,35000.0,0.9949939975990396,0.9637831194785275,0.993,0.985990473521995,0.9913621794871795,1.0408163265306123,0.992831448793946,1.0,0.9856607749034297,35000.0,39280.0,27.0,14.0,14.0,10.0,0.0,0.0,1.0
36000.0,0.820892066,3.7180413784479938E-9,36000.0,0.9874557426424646,0.9454720030356198,0.982,0.9639896290131558,0.9949939975990396,0.9305019305019305,0.9823903285465905,0.995850622406639,0.9631336405529953,36000.0,39280.0,27.0,14.0,14.0,10.0,0.0,0.0,1.0
37000.0,0.834700774,3.858362211558141E-9,37000.0,0.9945973851344051,0.9533502603588992,0.986,0.9719963035120636,0.9874557426424646,0.9569471624266145,0.9861392780977191,0.9938650306748467,0.9713273552529613,37000.0,39280.0,27.0,14.0,14.0,10.0,0.0,0.0,1.0
38000.0,0.849995728,4.014830525204955E-9,38000.0,0.9925724050440413,0.9506786928508331,0.985,0.9699973597676596,0.9945973851344051,0.9569471624266145,0.9851526452562955,0.9938650306748467,0.9692772058427208,38000.0,39544.0,29.0,15.0,15.0,11.0,0.0,0.0,1.0
39000.0,0.866615027,4.208029466196896E-9,39000.0,0.99586,0.9626530415662183,0.989,0.978,0.9925724050440413,1.0,0.9889954499389773,0.986,0.9774661203907974,39000.0,44936.0,31.0,16.0,16.0,12.0,0.0,0.0,1.0
40000.0,0.882561256,4.405482865917602E-9,40000.0,0.9928016600994768,0.9602292018360404,0.988,0.9757579675479991,0.99586,1.2123893805309736,0.987487116626602,0.9927007299270073,0.9753745126205623,40000.0,47864.0,33.0,17.0,17.0,12.0,0.0,0.0,1.0
41000.0,0.896995791,4.584217788709536E-9,41000.0,0.9947399193467649,0.9646762133883441,0.99,0.9799659421015726,0.9928016600994768,1.0703933747412009,0.9896808906484472,0.9980657640232108,0.9794743429286608,41000.0,47864.0,33.0,17.0,17.0,12.0,0.0,0.0,1.0
42000.0,0.910974335,4.75802967713939E-9,42000.0,0.9909288882483868,0.9640397435743502,0.989,0.9779765670673597,0.9947399193467649,1.0576131687242798,0.9888369906601252,0.9941634241245136,0.9774204584331166,42000.0,48064.0,33.0,17.0,17.0,12.0,0.0,0.0,1.0
43000.0,0.924787479,4.929784950349067E-9,43000.0,0.9927852785278528,0.9545135586788758,0.986,0.9719994399887998,0.9909288882483868,0.9801980198019802,0.9860310470378569,0.98989898989899,0.9712813662818434,43000.0,48064.0,33.0,17.0,17.0,12.0,0.0,0.0,1.0
44000.0,0.938854758,5.104700186732744E-9,44000.0,0.9940050984676584,0.9677764011923476,0.992,0.9839950704817083,0.9927852785278528,0.9569471624266145,0.9920767917447659,0.9959100204498977,0.9835950971710864,44000.0,48064.0,33.0,17.0,17.0,12.0,0.0,0.0,1.0
45000.0,0.952945208,5.279903535760113E-9,45000.0,0.9958999835999344,0.9630211196628495,0.987,0.9739993759850236,0.9940050984676584,1.0040080160320641,0.9869771509490916,0.9920159680638723,0.9733533752391363,45000.0,48064.0,33.0,17.0,17.0,12.0,0.0,0.0,1.0
46000.0,0.971958998,5.542178274471728E-9,46000.0,0.9907932692307693,0.9621420873644314,0.988,0.9759538313562038,0.9958999835999344,1.0833333333333333,0.9878103212506086,0.9923076923076923,0.9753780275659039,46000.0,53320.0,37.0,19.0,19.0,14.0,0.0,0.0,1.0
47000.0,0.988950122,5.790302002508608E-9,47000.0,0.993915123777824,0.9609253102238149,0.99,0.9799990399539178,0.9907932692307693,0.9762845849802372,0.990038961611589,0.9939271255060729,0.979502834714348,47000.0,56448.0,39.0,20.0,20.0,14.0,0.0,0.0,1.0
48000.0,1.004584318,6.019419239283437E-9,48000.0,0.994085905374486,0.9588972608397784,0.986,0.9720026877419767,0.993915123777824,0.9920318725099602,0.9859571764457423,1.0,0.9712992226872811,48000.0,56648.0,39.0,20.0,20.0,14.0,0.0,0.0,1.0
49000.0,1.0195648,6.238956377067501E-9,49000.0,0.995195079761676,0.9603550550770452,0.987,0.9739583333333333,0.994085905374486,1.0661157024793388,0.9866533578135983,0.9961240310077519,0.9733316587122164,49000.0,56648.0,39.0,20.0,20.0,14.0,0.0,0.0,1.0
50000.0,1.034732452,6.462021244871949E-9,50000.0,0.9944421052631579,0.9604278889766917,0.987,0.9739112984146097,0.995195079761676,1.105263157894737,0.9864688550608237,0.9961904761904762,0.9733169129720853,50000.0,56848.0,39.0,20.0,20.0,14.0,0.0,0.0,1.0
51000.0,1.050279159,6.6906607298594396E-9,51000.0,0.9954724504011144,0.965570204420359,0.987,0.973992717961029,0.9944421052631579,0.9455252918287937,0.9872041655597725,0.9958847736625515,0.9733252866626433,51000.0,56848.0,39.0,20.0,20.0,14.0,0.0,0.0,1.0
52000.0,1.065332441,6.912043601733944E-9,52000.0,0.99551531765498,0.9685630584724672,0.993,0.9859641805888628,0.9954724504011144,1.0920502092050208,0.9926508190373717,1.0,0.9856336582863007,52000.0,56848.0,39.0,20.0,20.0,14.0,0.0,0.0,1.0
53000.0,1.080440428,7.134230999160146E-9,53000.0,0.9933664211120858,0.9618660983899804,0.99,0.9799832660103847,0.99551531765498,0.9267822736030829,0.9902605765745416,0.997920997920998,0.9794963054663623,53000.0,56848.0,39.0,20.0,20.0,14.0,0.0,0.0,1.0
54000.0,1.096030743,7.363511810356546E-9,54000.0,0.996815987263949,0.9618654915477555,0.989,0.9779996479943679,0.9933664211120858,1.0040080160320641,0.9889893388705712,0.9920159680638723,0.9774555943525125,54000.0,56848.0,39.0,20.0,20.0,14.0,0.0,0.0,1.0
55000.0,1.115069324,7.643504953260226E-9,55000.0,0.9922294823522821,0.9490505639455518,0.981,0.9619698801450749,0.996815987263949,1.0366598778004072,0.9806689525811635,0.9941060903732809,0.9610641231044376,55000.0,56848.0,39.0,20.0,20.0,14.0,0.0,0.0,1.0
56000.0,1.134119682,7.937115810906725E-9,56000.0,0.9905716586151369,0.9476497721673354,0.98,0.959819993571199,0.9922294823522821,0.8518518518518519,0.9807815083645075,0.991304347826087,0.9590028917603133,56000.0,59576.0,41.0,21.0,21.0,15.0,0.0,0.0,1.0
57000.0,1.150847846,8.194936193016671E-9,57000.0,0.999372,0.9714038348244247,0.993,0.986,0.9905716586151369,1.0,0.9929753269845127,1.0,0.985655737704918,57000.0,59576.0,41.0,21.0,21.0,15.0,0.0,0.0,1.0
58000.0,1.167098718,8.456869200058284E-9,58000.0,0.9927499639301688,0.9558589517777926,0.984,0.9679492315828272,0.999372,0.9157088122605364,0.9841397645474206,0.9874476987447699,0.9671968893601979,58000.0,62304.0,43.0,22.0,22.0,16.0,0.0,0.0,1.0
59000.0,1.181310364,8.685933780210716E-9,59000.0,0.9991241849496406,0.971805104029831,0.992,0.9839257369044988,0.9927499639301688,1.1413276231263383,0.991829172067546,0.9943714821763602,0.9836008616496421,59000.0,62304.0,43.0,22.0,22.0,16.0,0.0,0.0,1.0
60000.0,1.195581787,8.916700256858023E-9,60000.0,0.9960342734909209,0.9602310266504819,0.986,0.9719765724145385,0.9991241849496406,0.9267822736030829,0.9862558388354392,0.9937629937629938,0.9713212700580403,60000.0,62504.0,43.0,22.0,22.0,16.0,0.0,0.0,1.0
61000.0,1.210119217,9.151768021341416E-9,61000.0,0.999195739419572,0.9680941471312843,0.991,0.9819987039066813,0.9960342734909209,0.9646365422396856,0.9910995198039612,0.9979633401221996,0.9815635704211162,61000.0,62504.0,43.0,22.0,22.0,16.0,0.0,0.0,1.0
62000.0,1.224519587,9.384619548993395E-9,62000.0,0.9976103846200032,0.9528528654240234,0.983,0.9659646031873148,0.999195739419572,1.053388090349076,0.982778162441353,0.9902534113060428,0.9651880965749579,62000.0,62504.0,43.0,22.0,22.0,16.0,0.0,0.0,1.0
63000.0,1.238513056,9.610891556851569E-9,63000.0,0.9977915671471609,0.9731148173596947,0.992,0.9839995519874556,0.9976103846200032,0.9723865877712031,0.9920649685422597,0.9979716024340771,0.9836129535700351,63000.0,62504.0,43.0,22.0,22.0,16.0,0.0,0.0,1.0
64000.0,1.252110949,9.830767168235036E-9,64000.0,0.996771816273891,0.9639153282829147,0.989,0.9779571486970671,0.9977915671471609,1.0746887966804979,0.9886165394175666,0.9980694980694981,0.9774604597553948,64000.0,62504.0,43.0,22.0,22.0,16.0,0.0,0.0,1.0
65000.0,1.265803266,1.0052169599599311E-8,65000.0,0.996230175404896,0.961546001747623,0.987,0.9739977117986383,0.996771816273891,0.9569471624266145,0.9871533033302524,0.9959100204498977,0.9733682120457625,65000.0,62504.0,43.0,22.0,22.0,16.0,0.0,0.0,1.0
66000.0,1.279516929,1.0273917192144115E-8,66000.0,0.9989890520758532,0.9649583819923768,0.988,0.9759558549496876,0.996230175404896,0.8975332068311196,0.9884619863703529,0.9978858350951374,0.9754052543320291,66000.0,62504.0,43.0,22.0,22.0,16.0,0.0,0.0,1.0
67000.0,1.293005563,1.0492026104126128E-8,67000.0,0.9973037303730373,0.9655784011008546,0.987,0.9739947989597919,0.9989890520758532,1.02020202020202,0.9869353596565552,0.9920792079207921,0.9733712433886698,67000.0,62504.0,43.0,22.0,22.0,16.0,0.0,0.0,1.0
68000.0,1.306347095,1.0707756401848878E-8,68000.0,0.9993549679487179,0.9651724112722286,0.987,0.9739770998478661,0.9973037303730373,0.9230769230769231,0.9873032098626684,0.9958333333333333,0.9733598529367447,68000.0,62504.0,43.0,22.0,22.0,16.0,0.0,0.0,1.0
69000.0,1.320138039,1.0930753614987353E-8,69000.0,0.9978518625192012,0.9686760097762794,0.99,0.9799980798156623,0.9993549679487179,1.0161290322580645,0.9899811735656072,0.9920634920634921,0.9795148888163168,69000.0,62504.0,43.0,22.0,22.0,16.0,0.0,0.0,1.0
70000.0,1.335468773,1.118867519952978E-8,70000.0,0.9961196119611961,0.965685639607535,0.988,0.9759956792222599,0.9978518625192012,1.02020202020202,0.9879502034821674,0.9920792079207921,0.9754220674722767,70000.0,65032.0,45.0,23.0,23.0,17.0,0.0,0.0,1.0
71000.0,1.360800135,1.1662500770462473E-8,71000.0,0.971186474589836,0.9067543176177764,0.962,0.9238964992389649,0.9961196119611961,0.9607843137254902,0.9611854925145344,0.936734693877551,0.9221289000490662,71000.0,72304.0,51.0,26.0,26.0,17.0,0.0,0.0,1.0
72000.0,1.386490895,1.2181384301009695E-8,72000.0,0.958974358974359,0.8211728205093796,0.917,0.8329711019882476,0.971186474589836,0.9230769230769231,0.9125856124221989,0.8541666666666666,0.8298647686832741,72000.0,78072.0,55.0,28.0,28.0,17.0,0.0,0.0,1.0
73000.0,1.404847085,1.2555282627491078E-8,73000.0,0.9121738920769639,0.7242903912538297,0.877,0.7492600112527215,0.958974358974359,0.8726591760299626,0.8617621129612785,0.7553648068669528,0.747717119496502,73000.0,78736.0,57.0,29.0,29.0,17.0,0.0,0.0,1.0
74000.0,1.421590314,1.2920686728797029E-8,74000.0,0.8484117606454469,0.6394011755449298,0.85,0.6856571651305778,0.9121738920769639,0.7825311942959001,0.819135464759576,0.6856492027334852,0.6919233971690257,74000.0,84360.0,57.0,29.0,29.0,17.0,0.0,0.0,1.0
75000.0,1.436988925,1.3259008599975047E-8,75000.0,0.8497037337662338,0.5491926270757937,0.805,0.5875285557153737,0.8484117606454469,0.7857142857142857,0.757575378787784,0.5886363636363636,0.5989854675075406,75000.0,84928.0,57.0,29.0,29.0,17.0,0.0,0.0,1.0
76000.0,1.452134455,1.3591770045119858E-8,76000.0,0.7920068993506494,0.5193530724138135,0.801,0.5779964373568581,0.8497037337662338,0.7857142857142857,0.7493178716187628,0.5727272727272728,0.590246545651585,76000.0,84928.0,57.0,29.0,29.0,17.0,0.0,0.0,1.0
77000.0,1.467420848,1.392762638198833E-8,77000.0,0.7629318140712606,0.466738555791675,0.786,0.5300751879699249,0.7920068993506494,0.718213058419244,0.7114013257634764,0.5167464114832536,0.5585619374196314,77000.0,84928.0,57.0,29.0,29.0,17.0,0.0,0.0,1.0
78000.0,1.483870454,1.4301499772022172E-8,78000.0,0.7490031897926634,0.4372154199453798,0.774,0.5008481164746627,0.7629318140712606,0.718213058419244,0.6891663531061075,0.48325358851674644,0.5329836274042283,78000.0,87856.0,59.0,30.0,30.0,17.0,0.0,0.0,1.0
79000.0,1.499022346,1.4645878186159667E-8,79000.0,0.7756241956241956,0.45954424016697093,0.809,0.5520847990244362,0.7490031897926634,0.5873015873015873,0.7204138664657552,0.5351351351351351,0.6041294994228147,79000.0,87856.0,59.0,30.0,30.0,17.0,0.0,0.0,1.0
80000.0,1.51404488,1.4987316498632234E-8,80000.0,0.7348355964538211,0.3783042996572894,0.789,0.45590510572460047,0.7756241956241956,0.5037593984962406,0.6421893313082212,0.42388059701492536,0.5609997139216146,80000.0,87856.0,59.0,30.0,30.0,17.0,0.0,0.0,1.0
81000.0,1.52928167,1.5333624509324633E-8,81000.0,0.7292630199803471,0.36743928895335687,0.772,0.4348461938874154,0.7348355964538211,0.5503875968992248,0.6334387716003218,0.4140845070422535,0.5240942122352213,81000.0,87856.0,59.0,30.0,30.0,17.0,0.0,0.0,1.0
82000.0,1.545420405,1.570069950234973E-8,82000.0,0.6829356920022689,0.3560478136133462,0.776,0.43045441601236745,0.7292630199803471,0.524390243902439,0.6263916723794456,0.40406976744186046,0.530830140485313,82000.0,87920.0,61.0,31.0,31.0,17.0,0.0,0.0,1.0
83000.0,1.56036389,1.60405885737141E-8,83000.0,0.7133480786175397,0.34020920622306944,0.781,0.42188902381078097,0.6829356920022689,0.5015015015015015,0.6071508092385707,0.37425149700598803,0.5396363083780773,83000.0,87920.0,61.0,31.0,31.0,17.0,0.0,0.0,1.0
84000.0,1.5762092,1.6411909875062607E-8,84000.0,0.6418321990446153,0.3105577798252609,0.778,0.3861977438619775,0.7133480786175397,0.4662756598240469,0.5776217417620192,0.33962264150943394,0.5314808301090398,84000.0,90584.0,61.0,31.0,31.0,17.0,0.0,0.0,1.0
85000.0,1.592528926,1.6795125544182957E-8,85000.0,0.6696111237144585,0.2833134028084858,0.779,0.3597172325877857,0.6418321990446153,0.4367816091954023,0.5516553075448543,0.3092105263157895,0.531616217024884,85000.0,90768.0,63.0,32.0,32.0,17.0,0.0,0.0,1.0
86000.0,1.610335237,1.7236797281000764E-8,86000.0,0.6810921099186225,0.28977207484130163,0.779,0.36618102558219595,0.6696111237144585,0.43884892086330934,0.5611051719906651,0.32131147540983607,0.5296825121872758,86000.0,95880.0,65.0,33.0,33.0,17.0,0.0,0.0,1.0
87000.0,1.625761797,1.762167602237107E-8,87000.0,0.6562695068664169,0.29743115824631916,0.795,0.38817658715946823,0.6810921099186225,0.4044943820224719,0.5746155013632953,0.3368055555555556,0.5617828447873413,87000.0,96440.0,65.0,33.0,33.0,17.0,0.0,0.0,1.0
88000.0,1.64123911,1.800782100525995E-8,88000.0,0.6483039362084855,0.2825465668496472,0.796,0.38239087391691373,0.6562695068664169,0.3947001394700139,0.570268899449788,0.3321554770318021,0.5619540285979211,88000.0,96440.0,65.0,33.0,33.0,17.0,0.0,0.0,1.0
89000.0,1.656505709,1.8388708864129665E-8,89000.0,0.6177408118891304,0.2583927291567095,0.809,0.35433709688323994,0.6483039362084855,0.34048257372654156,0.535763665670511,0.29133858267716534,0.5877631196042294,89000.0,96440.0,65.0,33.0,33.0,17.0,0.0,0.0,1.0
90000.0,1.6734477,1.8823002173410107E-8,90000.0,0.6918365907361781,0.27754198145670356,0.79,0.34697025294018885,0.6177408118891304,0.37551581843191195,0.549484558404535,0.31135531135531136,0.5446770579874245,90000.0,99088.0,67.0,34.0,34.0,17.0,0.0,0.0,1.0
91000.0,1.68860301,1.921337738909448E-8,91000.0,0.7026703042328042,0.2867988696062374,0.826,0.34860736747529164,0.6918365907361781,0.2755102040816326,0.5442442595553553,0.3055555555555556,0.620515278609946,91000.0,99568.0,67.0,34.0,34.0,17.0,0.0,0.0,1.0
92000.0,1.705011431,1.963626834263404E-8,92000.0,0.626036058866068,0.19557670807935534,0.819,0.2339078319168383,0.7026703042328042,0.2547051442910916,0.43361313084142583,0.1921182266009852,0.602842968899065,92000.0,99624.0,69.0,35.0,35.0,17.0,0.0,0.0,1.0
93000.0,1.721213495,2.006467169711987E-8,93000.0,0.6301412211983083,0.21704788421336435,0.842,0.2864562164115073,0.626036058866068,0.23001230012300122,0.4701144091273523,0.22459893048128343,0.6510981835450551,93000.0,102208.0,69.0,35.0,35.0,17.0,0.0,0.0,1.0
94000.0,1.736383713,2.0465791719820764E-8,94000.0,0.6596680940071433,0.22469023192547047,0.827,0.25454169395704745,0.6301412211983083,0.23001230012300122,0.47089728129185116,0.22994652406417113,0.615573731738452,94000.0,102208.0,69.0,35.0,35.0,17.0,0.0,0.0,1.0
95000.0,1.753321115,2.0926468024576703E-8,95000.0,0.6208791208791209,0.2420226604101977,0.867,0.35389219229722907,0.6596680940071433,0.20192307692307693,0.5197975047753653,0.27380952380952384,0.7024958794443136,95000.0,105136.0,71.0,36.0,36.0,17.0,0.0,0.0,1.0
96000.0,1.768657456,2.1343597458025648E-8,96000.0,0.6311402410175058,0.19904756838444695,0.848,0.2548727401074553,0.6208791208791209,0.2106537530266344,0.4388206063223706,0.19540229885057472,0.6578182159272112,96000.0,105136.0,71.0,36.0,36.0,17.0,0.0,0.0,1.0
97000.0,1.783924736,2.1758848518021406E-8,97000.0,0.5913183561818631,0.17440771313073272,0.868,0.237531913910422,0.6311402410175058,0.17233294255568582,0.4178395419852653,0.17687074829931973,0.7007782010235797,97000.0,105136.0,71.0,36.0,36.0,17.0,0.0,0.0,1.0
98000.0,1.802837047,2.229915125541803E-8,98000.0,0.683002653360263,0.22807554520148077,0.896,0.2821645499723911,0.5913183561818631,0.12866817155756208,0.4643118794145703,0.21929824561403508,0.7624519286796411,98000.0,110432.0,75.0,38.0,38.0,17.0,0.0,0.0,1.0
99000.0,1.818211761,2.273107045232008E-8,99000.0,0.6435611428571428,0.20632216999287756,0.876,0.2404287901990812,0.683002653360263,0.14285714285714285,0.44950766718393453,0.208,0.714710666976528,99000.0,108592.0,77.0,39.0,39.0,17.0,0.0,0.0,1.0
100000.0,1.834077643,2.318657311120381E-8,100000.0,0.6596205258087909,0.2081082788788627,0.901,0.26536064113980423,0.6435611428571428,0.11482720178372352,0.45749983742470074,0.21359223300970873,0.7704773607214894,100000.0,110976.0,77.0,39.0,39.0,17.0,0.0,0.0,1.0
101000.0,1.850444253,2.36668841642845E-8,101000.0,0.5485047064286016,0.16736889563050483,0.901,0.23167665228323966,0.6596205258087909,0.1185682326621924,0.40953866693677166,0.16981132075471697,0.7687504336363007,101000.0,113440.0,77.0,39.0,39.0,17.0,0.0,0.0,1.0
102000.0,1.865693324,2.4115187779244862E-8,102000.0,0.5232173382173382,0.1346274612764813,0.909,0.1764705882352947,0.5485047064286016,0.0989010989010989,0.3625307868699863,0.13333333333333333,0.7857785778577859,102000.0,113640.0,77.0,39.0,39.0,17.0,0.0,0.0,1.0
103000.0,1.882644433,2.4625141361746936E-8,103000.0,0.5918305407583385,0.1408086404934793,0.893,0.17059407168547708,0.5232173382173382,0.11982082866741321,0.35887304288839206,0.1308411214953271,0.7462703748043098,103000.0,116288.0,79.0,40.0,40.0,17.0,0.0,0.0,1.0
104000.0,1.89806217,2.5088965304901615E-8,104000.0,0.6524823846478554,0.19024640529317843,0.897,0.22656414261256175,0.5918305407583385,0.11482720178372352,0.4249220074657228,0.18446601941747573,0.753967707113163,104000.0,116288.0,79.0,40.0,40.0,17.0,0.0,0.0,1.0
105000.0,1.915010182,2.5610435775470815E-8,105000.0,0.5841053650442478,0.19228927549052172,0.914,0.27502023199352577,0.6524823846478554,0.10619469026548672,0.4426581721538994,0.19791666666666666,0.7930560330010313,105000.0,118936.0,81.0,41.0,41.0,17.0,0.0,0.0,1.0
106000.0,1.93034322,2.608443672241229E-8,106000.0,0.6280414382992858,0.22720187765320948,0.905,0.3066098330024527,0.5841053650442478,0.1210762331838565,0.477877997854838,0.23148148148148148,0.7697917381066686,106000.0,119496.0,81.0,41.0,41.0,17.0,0.0,0.0,1.0
107000.0,1.947383593,2.662412538083477E-8,107000.0,0.7232031698908256,0.2309710666535269,0.914,0.27187753996207087,0.6280414382992858,0.1013215859030837,0.45118170407278385,0.20652173913043478,0.7900764229496978,107000.0,122424.0,83.0,42.0,42.0,17.0,0.0,0.0,1.0
108000.0,1.964728984,2.7184100161780496E-8,108000.0,0.7430214818785305,0.30994140392587005,0.94,0.43812859363586903,0.7232031698908256,0.08577633007600434,0.5715002320998694,0.3291139240506329,0.8524388577674544,108000.0,124792.0,85.0,43.0,43.0,17.0,0.0,0.0,1.0
109000.0,1.980360554,2.7689878614741476E-8,109000.0,0.6917980973511528,0.26435157935138753,0.914,0.3606423314251732,0.7430214818785305,0.11982082866741321,0.5095399713538681,0.2616822429906542,0.7870561777333547,109000.0,125072.0,85.0,43.0,43.0,17.0,0.0,0.0,1.0
110000.0,1.996166709,2.820130597764626E-8,110000.0,0.6415151942135174,0.19700397222029575,0.914,0.2632949561403516,0.6917980973511528,0.10375275938189846,0.43517329029757523,0.19148936170212766,0.7855604669613512,110000.0,125072.0,85.0,43.0,43.0,17.0,0.0,0.0,1.0
111000.0,2.013871899,2.878502518462017E-8,111000.0,0.6408358443600157,0.2178280655464257,0.905,0.27730274168517755,0.6415151942135174,0.11358574610244988,0.460525240454791,0.21568627450980393,0.761517063572834,111000.0,127440.0,87.0,44.0,44.0,17.0,0.0,0.0,1.0
112000.0,2.029789335,2.9310957251880315E-8,112000.0,0.6446923632405731,0.23814969949210535,0.907,0.3126182592242201,0.6408358443600157,0.11982082866741321,0.48038194764921865,0.2336448598130841,0.7650031585596969,112000.0,127720.0,87.0,44.0,44.0,17.0,0.0,0.0,1.0
113000.0,2.045728634,2.9837611700105994E-8,113000.0,0.7246886446886447,0.22949311321372334,0.917,0.29096189988040316,0.6446923632405731,0.0989010989010989,0.4680252333449758,0.2222222222222222,0.7888278470752467,113000.0,127720.0,87.0,44.0,44.0,17.0,0.0,0.0,1.0
114000.0,2.061631336,3.036420886881649E-8,114000.0,0.5830061186485768,0.18743246377087652,0.9,0.24613644930267664,0.7246886446886447,0.11731843575418995,0.43276304381072256,0.19047619047619047,0.7439295581661762,114000.0,128000.0,87.0,44.0,44.0,17.0,0.0,0.0,1.0
115000.0,2.077288312,3.088266914255917E-8,115000.0,0.6662556655364136,0.24336034989570304,0.917,0.3328188804218515,0.5830061186485768,0.10741971207087486,0.4946540941681878,0.24742268041237114,0.7860632956786804,115000.0,128000.0,87.0,44.0,44.0,17.0,0.0,0.0,1.0
116000.0,2.093061255,3.1404969511768885E-8,116000.0,0.6291,0.23687759028694205,0.907,0.29969879518072323,0.6662556655364136,0.1111111111111111,0.4852490769354092,0.24,0.7587440737096343,116000.0,128000.0,87.0,44.0,44.0,17.0,0.0,0.0,1.0
117000.0,2.1102786,3.198689392457199E-8,117000.0,0.708035638728708,0.2657707558737892,0.922,0.35678590866359927,0.6291,0.1001100110011001,0.5206712383311287,0.27472527472527475,0.7963264668466982,117000.0,130648.0,89.0,45.0,45.0,17.0,0.0,0.0,1.0
118000.0,2.126171905,3.252521871615822E-8,118000.0,0.6758483839504927,0.2181873334193581,0.913,0.29302779132130663,0.708035638728708,0.10987791342952276,0.4582601382255313,0.21212121212121213,0.7713891239478021,118000.0,130928.0,89.0,45.0,45.0,17.0,0.0,0.0,1.0
119000.0,2.141863623,3.305671552075487E-8,119000.0,0.6594702559666175,0.22178018467580013,0.922,0.2962829303500541,0.6758483839504927,0.09409190371991247,0.46719517847696435,0.22093023255813954,0.7936966571834994,119000.0,130928.0,89.0,45.0,45.0,17.0,0.0,0.0,1.0
120000.0,2.159206406,3.3654724177345635E-8,120000.0,0.6399336124915347,0.21554151722538875,0.9,0.3062589319162517,0.6594702559666175,0.13507377979568672,0.4655656771770815,0.2184873949579832,0.7339894925849572,120000.0,133288.0,91.0,46.0,46.0,17.0,0.0,0.0,1.0
121000.0,2.175104837,3.420408074217538E-8,121000.0,0.6689032388255474,0.19558288571803367,0.906,0.25079304353370635,0.6399336124915347,0.10987791342952276,0.4346689495551195,0.1919191919191919,0.748418491484185,121000.0,133568.0,91.0,46.0,46.0,17.0,0.0,0.0,1.0
122000.0,2.190962915,3.4752042943909766E-8,122000.0,0.6526212935062666,0.17842415029043018,0.905,0.24051037702663816,0.6689032388255474,0.11358574610244988,0.41750319973262195,0.17647058823529413,0.7442178672316385,122000.0,133568.0,91.0,46.0,46.0,17.0,0.0,0.0,1.0
123000.0,2.206941787,3.5306527045592665E-8,123000.0,0.6503004692587627,0.213970824798024,0.916,0.2888106204280692,0.6526212935062666,0.1013215859030837,0.4631611938785842,0.21739130434782608,0.7724429565677033,123000.0,134136.0,91.0,46.0,46.0,17.0,0.0,0.0,1.0
124000.0,2.224224145,3.591808261588216E-8,124000.0,0.6029458346531518,0.19879947380365723,0.904,0.253220486651317,0.6503004692587627,0.10864745011086474,0.44722371379798975,0.20408163265306123,0.7383851259285307,124000.0,136784.0,93.0,47.0,47.0,17.0,0.0,0.0,1.0
125000.0,2.241986574,3.65587940008959E-8,125000.0,0.6783398815901982,0.29246683840305066,0.911,0.3763139453398743,0.6029458346531518,0.11482720178372352,0.5517655645041192,0.3106796116504854,0.7560574498410263,125000.0,139432.0,95.0,48.0,48.0,17.0,0.0,0.0,1.0
126000.0,2.259961164,3.721943438260712E-8,126000.0,0.6897974983912484,0.1963380308066041,0.897,0.2514970059880238,0.6783398815901982,0.12612612612612611,0.43007698870808725,0.1875,0.7161231051906294,126000.0,142072.0,97.0,49.0,49.0,17.0,0.0,0.0,1.0
127000.0,2.276998358,3.784812507120892E-8,127000.0,0.5840200002242177,0.17106260414643462,0.91,0.23369037685404415,0.6897974983912484,0.10987791342952276,0.40045042409584786,0.16161616161616163,0.7505238344683081,127000.0,142640.0,97.0,49.0,49.0,17.0,0.0,0.0,1.0
128000.0,2.29305973,3.844197030862793E-8,128000.0,0.7416445352400408,0.27615459846897605,0.908,0.3555617820117687,0.5840200002242177,0.12359550561797752,0.5187003480551395,0.2727272727272727,0.7435875103427253,128000.0,142920.0,97.0,49.0,49.0,17.0,0.0,0.0,1.0
129000.0,2.311466213,3.9122522522173814E-8,129000.0,0.6796149434502152,0.25962071730346736,0.922,0.33769211174322894,0.7416445352400408,0.09769484083424808,0.5049978999169789,0.25842696629213485,0.7813321742909922,129000.0,142920.0,97.0,49.0,49.0,17.0,0.0,0.0,1.0
130000.0,2.327612598,3.971951098827644E-8,130000.0,0.6124509920399193,0.24808743121247134,0.904,0.34436977544664826,0.6796149434502152,0.12866817155756208,0.5095033655023676,0.2631578947368421,0.7294543562617877,130000.0,142920.0,97.0,49.0,49.0,17.0,0.0,0.0,1.0
131000.0,2.343632753,4.03118322886899E-8,131000.0,0.5634218289085545,0.15559876316709673,0.902,0.1957720588235301,0.6124509920399193,0.10619469026548672,0.3915503420429898,0.15625,0.722271498107085,131000.0,142920.0,97.0,49.0,49.0,17.0,0.0,0.0,1.0
132000.0,2.359734477,4.090716948103159E-8,132000.0,0.6942134341378308,0.20970638868893704,0.914,0.28398967613021453,0.5634218289085545,0.10497237569060773,0.45603446404097303,0.21052631578947367,0.7549222797927463,132000.0,142920.0,97.0,49.0,49.0,17.0,0.0,0.0,1.0
133000.0,2.377191835,4.156332365050083E-8,133000.0,0.6543183379120879,0.18514424414162348,0.908,0.26158982920251683,0.6942134341378308,0.11607142857142858,0.42575230362085126,0.18269230769230768,0.7364294330518698,133000.0,145288.0,99.0,50.0,50.0,17.0,0.0,0.0,1.0
134000.0,2.39328093,4.216805013701939E-8,134000.0,0.6968777777777778,0.23165751959292047,0.919,0.3250000000000009,0.6543183379120879,0.1111111111111111,0.46825918748772744,0.22,0.7667010575187002,134000.0,145288.0,99.0,50.0,50.0,17.0,0.0,0.0,1.0
135000.0,2.410737382,4.283739309156726E-8,135000.0,0.6159548451897463,0.1818385749336224,0.905,0.2500552590861729,0.6968777777777778,0.11358574610244988,0.428701898918308,0.18627450980392157,0.7249388753056235,135000.0,148216.0,101.0,51.0,51.0,17.0,0.0,0.0,1.0
136000.0,2.426750608,4.345371746151189E-8,136000.0,0.6822688357091059,0.2449592301224719,0.911,0.32362597276264576,0.6159548451897463,0.11482720178372352,0.4896345230974118,0.24271844660194175,0.7409745554152668,136000.0,148776.0,101.0,51.0,51.0,17.0,0.0,0.0,1.0
137000.0,2.442602646,4.4063837953952845E-8,137000.0,0.6454939010101259,0.13923017401120022,0.916,0.18426010449239658,0.6822688357091059,0.09769484083424808,0.3504018902985179,0.12359550561797752,0.7541971036780726,137000.0,148776.0,101.0,51.0,51.0,17.0,0.0,0.0,1.0
138000.0,2.460398543,4.4759676406209646E-8,138000.0,0.7239617450543692,0.26523786089233053,0.913,0.35381324460025565,0.6454939010101259,0.11358574610244988,0.5201305905818335,0.27450980392156865,0.7441176470588236,138000.0,151144.0,103.0,52.0,52.0,17.0,0.0,0.0,1.0
139000.0,2.476583508,4.5394870462970165E-8,139000.0,0.5818949780312472,0.16384556124469754,0.918,0.2264004981226059,0.7239617450543692,0.09529025191675794,0.39916570217902564,0.16091954022988506,0.757525474929266,139000.0,151704.0,103.0,52.0,52.0,17.0,0.0,0.0,1.0
140000.0,2.493441282,4.605639975897345E-8,140000.0,0.6442056525297368,0.22644452247882507,0.915,0.3181672335237126,0.5818949780312472,0.10987791342952276,0.47958584060024473,0.23232323232323232,0.7473782533010658,140000.0,151688.0,105.0,53.0,53.0,17.0,0.0,0.0,1.0
141000.0,2.510253098,4.672771192618747E-8,141000.0,0.6803045587225275,0.2395098757408223,0.912,0.3278748625198587,0.6442056525297368,0.11607142857142858,0.4878217274524837,0.2403846153846154,0.7371743274729932,141000.0,154352.0,105.0,53.0,53.0,17.0,0.0,0.0,1.0
142000.0,2.526416382,4.737429838663379E-8,142000.0,0.6066828103454075,0.21928633658548619,0.916,0.3218259030211046,0.6803045587225275,0.10987791342952276,0.47985459144263215,0.23232323232323232,0.7478703840706844,142000.0,154632.0,105.0,53.0,53.0,17.0,0.0,0.0,1.0
143000.0,2.542358955,4.8012055654678886E-8,143000.0,0.6594444444444445,0.2325733494515621,0.914,0.3152866242038222,0.6066828103454075,0.1111111111111111,0.477179211617606,0.23,0.740597776793436,143000.0,154632.0,105.0,53.0,53.0,17.0,0.0,0.0,1.0
144000.0,2.558573178,4.866067984877566E-8,144000.0,0.5488962880749784,0.13979684133993692,0.902,0.18776004110928743,0.6594444444444445,0.10987791342952276,0.3733279520683034,0.1414141414141414,0.7029552917403386,144000.0,154632.0,105.0,53.0,53.0,17.0,0.0,0.0,1.0
145000.0,2.574538586,4.929935059466501E-8,145000.0,0.594570899762964,0.20010542273622084,0.905,0.27802772373540835,0.5488962880749784,0.11482720178372352,0.45853961112364483,0.21359223300970873,0.7106761042616203,145000.0,154632.0,105.0,53.0,53.0,17.0,0.0,0.0,1.0
146000.0,2.590454719,4.993605017257645E-8,146000.0,0.603609758029385,0.16813085925840696,0.895,0.2301375487579551,0.594570899762964,0.12866817155756208,0.4059378684569894,0.16666666666666666,0.6787847040335254,146000.0,154632.0,105.0,53.0,53.0,17.0,0.0,0.0,1.0
147000.0,2.607955807,5.064941000235989E-8,147000.0,0.6117968498874959,0.18402708901013295,0.924,0.26986261888750096,0.603609758029385,0.09289617486338798,0.43219815210993073,0.18823529411764706,0.7663250366032212,147000.0,157560.0,107.0,54.0,54.0,17.0,0.0,0.0,1.0
148000.0,2.624267322,5.131428178426911E-8,148000.0,0.7043521847345132,0.23078473767011204,0.918,0.3270745798319335,0.6117968498874959,0.10619469026548672,0.4870298769402637,0.23958333333333334,0.7466705631862398,148000.0,157560.0,107.0,54.0,54.0,17.0,0.0,0.0,1.0
149000.0,2.641905795,5.204404693484718E-8,149000.0,0.5870163577565907,0.25158510147009505,0.916,0.37551111441528545,0.7043521847345132,0.11982082866741321,0.5188516361491889,0.27102803738317754,0.7393206006706519,149000.0,159928.0,109.0,55.0,55.0,17.0,0.0,0.0,1.0
150000.0,2.65819157,5.271902593064637E-8,150000.0,0.6649934014973051,0.2144106944761042,0.923,0.31259820025710583,0.5870163577565907,0.09769484083424808,0.4719594443806303,0.2247191011235955,0.7598852438568044,150000.0,160208.0,109.0,55.0,55.0,17.0,0.0,0.0,1.0
151000.0,2.67441587,5.3391457038256834E-8,151000.0,0.6303562531141006,0.2038543685363696,0.904,0.27867275787448914,0.6649934014973051,0.1210762331838565,0.4487984290250649,0.2037037037037037,0.699315494710641,151000.0,160208.0,109.0,55.0,55.0,17.0,0.0,0.0,1.0
152000.0,2.692240307,5.414370888042779E-8,152000.0,0.5897976585545722,0.21931468028854223,0.917,0.3233548555403387,0.6303562531141006,0.10619469026548672,0.48675771716659916,0.23958333333333334,0.7388316151202751,152000.0,163136.0,111.0,56.0,56.0,17.0,0.0,0.0,1.0
153000.0,2.708578344,5.483322958903178E-8,153000.0,0.6902455897613282,0.20163053304177364,0.898,0.2761850695430035,0.5897976585545722,0.13378684807256236,0.43973663456106027,0.19491525423728814,0.6777217908475137,153000.0,163136.0,111.0,56.0,56.0,17.0,0.0,0.0,1.0
154000.0,2.72630101,5.55946108377228E-8,154000.0,0.6223995743548816,0.21517353658412114,0.914,0.319243251800839,0.6902455897613282,0.11731843575418995,0.466978195717251,0.21904761904761905,0.7270910177419688,154000.0,166064.0,113.0,57.0,57.0,17.0,0.0,0.0,1.0
155000.0,2.744194579,5.637688817252714E-8,155000.0,0.640367445054945,0.23777215855158296,0.906,0.30719339622641484,0.6223995743548816,0.11607142857142858,0.48616902345597035,0.2403846153846154,0.7004091871774311,155000.0,168992.0,115.0,58.0,58.0,17.0,0.0,0.0,1.0
156000.0,2.760628382,5.709653734683368E-8,156000.0,0.5856109202565896,0.12694161405237198,0.888,0.15155371725527608,0.640367445054945,0.12485939257592801,0.339518413444733,0.11711711711711711,0.6415558838010832,156000.0,169272.0,115.0,58.0,58.0,17.0,0.0,0.0,1.0
157000.0,2.777074559,5.781672838834423E-8,157000.0,0.6145495749377672,0.1987720153596898,0.919,0.3012663469169454,0.5856109202565896,0.10375275938189846,0.4594802175919736,0.2127659574468085,0.7396085015766413,157000.0,169272.0,115.0,58.0,58.0,17.0,0.0,0.0,1.0
158000.0,2.793476183,5.853496841890115E-8,158000.0,0.6652610498406341,0.21632063580335484,0.898,0.3086151969091036,0.6145495749377672,0.13765642775881684,0.47022296638130145,0.2231404958677686,0.6708266100206296,158000.0,169272.0,115.0,58.0,58.0,17.0,0.0,0.0,1.0
159000.0,2.809843589,5.925171001629281E-8,159000.0,0.6521139866240186,0.20971009796067516,0.914,0.28398967613021453,0.6652610498406341,0.10497237569060773,0.45603446404097303,0.21052631578947367,0.7212459738247647,159000.0,169272.0,115.0,58.0,58.0,17.0,0.0,0.0,1.0
160000.0,2.826336978,5.997396850846085E-8,160000.0,0.7121136703018236,0.24726137965008166,0.915,0.3428986672438855,0.6521139866240186,0.10864745011086474,0.5113535176558438,0.2653061224489796,0.7233072916666669,160000.0,169272.0,115.0,58.0,58.0,17.0,0.0,0.0,1.0
161000.0,2.843628681,6.073107843830558E-8,161000.0,0.6632372444999219,0.23059246162620672,0.899,0.3151985246257327,0.7121136703018236,0.13122171945701358,0.48767777743553425,0.2413793103448276,0.6699480392952829,161000.0,169248.0,117.0,59.0,59.0,17.0,0.0,0.0,1.0
162000.0,2.860794875,6.148386540882908E-8,162000.0,0.6427522200707751,0.17956621861073999,0.892,0.24275357238013737,0.6632372444999219,0.13507377979568672,0.41769308931221744,0.17647058823529413,0.6457367323384697,162000.0,169512.0,119.0,60.0,60.0,17.0,0.0,0.0,1.0
163000.0,2.879478703,6.23417571472604E-8,163000.0,0.628781622564699,0.22038869939185396,0.917,0.31359576579556714,0.6427522200707751,0.10497237569060773,0.4785604078609982,0.23157894736842105,0.7265874459399378,163000.0,177488.0,121.0,61.0,61.0,17.0,0.0,0.0,1.0
164000.0,2.897433586,6.31784782523703E-8,164000.0,0.5485410963477332,0.15540715137672884,0.887,0.21190648886905078,0.628781622564699,0.13507377979568672,0.39662056435654985,0.15966386554621848,0.6263785004334591,164000.0,180136.0,123.0,62.0,62.0,17.0,0.0,0.0,1.0
165000.0,2.914257936,6.396373372837486E-8,165000.0,0.7490077148177707,0.3146021496575986,0.915,0.39861327295882304,0.5485410963477332,0.11731843575418995,0.5565255343567458,0.3142857142857143,0.7178409045185693,165000.0,180416.0,123.0,62.0,62.0,17.0,0.0,0.0,1.0
166000.0,2.930835033,6.473864976202654E-8,166000.0,0.6648199738297244,0.2050103288155475,0.908,0.28160919540229945,0.7490077148177707,0.1185682326621924,0.44335311610965167,0.19811320754716982,0.693407211113788,166000.0,180696.0,123.0,62.0,62.0,17.0,0.0,0.0,1.0
167000.0,2.947657103,6.552501734871623E-8,167000.0,0.4396092796092796,0.10476043310484966,0.908,0.13533834586466142,0.6648199738297244,0.0989010989010989,0.31431068831843567,0.1,0.6921165484349325,167000.0,180696.0,123.0,62.0,62.0,17.0,0.0,0.0,1.0
168000.0,2.964490527,6.631191569158393E-8,168000.0,0.6626984126984127,0.23767549895284956,0.926,0.35427574171029663,0.4396092796092796,0.0989010989010989,0.5035769490254132,0.25555555555555554,0.7513202112337976,168000.0,180696.0,123.0,62.0,62.0,17.0,0.0,0.0,1.0
169000.0,2.981010791,6.708417499933599E-8,169000.0,0.6834754503291246,0.2526678576207342,0.938,0.4029850746268645,0.6626984126984127,0.09051254089422028,0.52583652715515,0.27710843373493976,0.7907538691962055,169000.0,180696.0,123.0,62.0,62.0,17.0,0.0,0.0,1.0
170000.0,2.99881175,6.792720683786604E-8,170000.0,0.6607093473451328,0.24124447348940736,0.919,0.3482458963630512,0.6834754503291246,0.10619469026548672,0.5074800009137638,0.2604166666666667,0.7255386577903571,170000.0,183064.0,125.0,63.0,63.0,17.0,0.0,0.0,1.0
171000.0,3.015619119,6.872440092044985E-8,171000.0,0.682648401826484,0.19061597740414638,0.89,0.2645485665382972,0.6607093473451328,0.1415525114155251,0.4374230568032128,0.1935483870967742,0.6260065612883985,171000.0,183344.0,125.0,63.0,63.0,17.0,0.0,0.0,1.0
172000.0,3.032332152,6.951833115969887E-8,172000.0,0.6144563444368132,0.19326260058510467,0.91,0.29555416405760815,0.682648401826484,0.11607142857142858,0.4578752289376717,0.21153846153846154,0.6928510486319174,172000.0,183624.0,125.0,63.0,63.0,17.0,0.0,0.0,1.0
173000.0,3.050025631,7.034777737783889E-8,173000.0,0.7040384534211304,0.2178146543119948,0.912,0.32119716136994825,0.6144563444368132,0.1185682326621924,0.4742315151358897,0.22641509433962265,0.6985644985644988,173000.0,181208.0,129.0,65.0,65.0,17.0,0.0,0.0,1.0
174000.0,3.069392201,7.130515606294075E-8,174000.0,0.6421021696612248,0.21833543184292747,0.908,0.3268653877109039,0.7040384534211304,0.12485939257592801,0.48206832522490606,0.23423423423423423,0.6837363679468944,174000.0,191088.0,131.0,66.0,66.0,17.0,0.0,0.0,1.0
175000.0,3.086389393,7.2146636701011E-8,175000.0,0.6021652220839436,0.22264389419329436,0.917,0.3356811269409322,0.6421021696612248,0.11234705228031146,0.48583725858197807,0.2376237623762376,0.713606877378394,175000.0,191368.0,131.0,66.0,66.0,17.0,0.0,0.0,1.0
176000.0,3.103639228,7.30018744583014E-8,176000.0,0.6561956972611801,0.20077288120634926,0.914,0.2872179952591707,0.6021652220839436,0.10987791342952276,0.44771718494846774,0.20202020202020202,0.702141057934509,176000.0,191648.0,131.0,66.0,66.0,17.0,0.0,0.0,1.0
177000.0,3.120606048,7.384434460716943E-8,177000.0,0.6148001428710589,0.17080814456913518,0.903,0.2351364138148555,0.6561956972611801,0.11482720178372352,0.41523414057513625,0.17475728155339806,0.6628174158958346,177000.0,191936.0,131.0,66.0,66.0,17.0,0.0,0.0,1.0
178000.0,3.137600683,7.468819588150415E-8,178000.0,0.6223522228867624,0.17354200007233284,0.917,0.2471518757709887,0.6148001428710589,0.09649122807017543,0.42382213175109373,0.18181818181818182,0.7103534808947793,178000.0,191936.0,131.0,66.0,66.0,17.0,0.0,0.0,1.0
179000.0,3.154700351,7.553726246236927E-8,179000.0,0.5994573930201011,0.20869052465823854,0.915,0.30928002600357546,0.6223522228867624,0.10987791342952276,0.469307048670357,0.2222222222222222,0.702285445935898,179000.0,191936.0,131.0,66.0,66.0,17.0,0.0,0.0,1.0
180000.0,3.171697195,7.638122342234684E-8,180000.0,0.6486277771177379,0.17250124932531796,0.896,0.2417614464858564,0.5994573930201011,0.12866817155756208,0.41648346532846203,0.17543859649122806,0.634517766497462,180000.0,191936.0,131.0,66.0,66.0,17.0,0.0,0.0,1.0
181000.0,3.188744241,7.722855912805018E-8,181000.0,0.6133874835965428,0.1503675448329017,0.908,0.2156595280316464,0.6486277771177379,0.10864745011086474,0.3892736904333798,0.15306122448979592,0.6755134650609924,181000.0,192136.0,131.0,66.0,66.0,17.0,0.0,0.0,1.0
182000.0,3.205895255,7.80810626381139E-8,182000.0,0.6065700054873159,0.169740922946075,0.907,0.2601431980906919,0.6133874835965428,0.1185682326621924,0.4219505830571054,0.1792452830188679,0.6708540759178595,182000.0,192136.0,131.0,66.0,66.0,17.0,0.0,0.0,1.0
183000.0,3.22397693,7.899221198531488E-8,183000.0,0.6955067155067155,0.22178529373065864,0.924,0.32719546742209704,0.6065700054873159,0.0989010989010989,0.4811844360933358,0.23333333333333334,0.7300151415149282,183000.0,194784.0,133.0,67.0,67.0,17.0,0.0,0.0,1.0
184000.0,3.2410407,7.985330436051305E-8,184000.0,0.6780793506653662,0.16435786478525663,0.901,0.20586536610408865,0.6955067155067155,0.10987791342952276,0.3984296352989635,0.16161616161616163,0.6470656617518843,184000.0,195064.0,133.0,67.0,67.0,17.0,0.0,0.0,1.0
185000.0,3.25928868,8.078533453005469E-8,185000.0,0.5970112980284763,0.1689709577183861,0.915,0.24468614487808357,0.6780793506653662,0.10253583241455347,0.41294738415458887,0.17204301075268819,0.6958766874250573,185000.0,197432.0,135.0,68.0,68.0,17.0,0.0,0.0,1.0
186000.0,3.276350855,8.165679876105445E-8,186000.0,0.6818747454635956,0.18889276596696639,0.91,0.2630199803471991,0.5970112980284763,0.10864745011086474,0.4376222008103685,0.19387755102040816,0.6768589298123698,186000.0,197432.0,135.0,68.0,68.0,17.0,0.0,0.0,1.0
187000.0,3.293536795,8.253707415677399E-8,187000.0,0.6136472466081405,0.19850084857150527,0.909,0.28414096916299525,0.6818747454635956,0.11731843575418995,0.44546128248136685,0.2,0.672176308539945,187000.0,197992.0,135.0,68.0,68.0,17.0,0.0,0.0,1.0
188000.0,3.310917011,8.342730049976664E-8,188000.0,0.5691085222236292,0.15769971487466822,0.906,0.24747021903420044,0.6136472466081405,0.1185682326621924,0.41069653938286493,0.16981132075471697,0.6602518504277612,188000.0,197992.0,135.0,68.0,68.0,17.0,0.0,0.0,1.0
189000.0,3.328092854,8.429639455347838E-8,189000.0,0.6718555555555555,0.1679142901639113,0.91,0.25496688741721824,0.5691085222236292,0.1111111111111111,0.4223742416388575,0.18,0.6736064472800538,189000.0,195592.0,137.0,69.0,69.0,17.0,0.0,0.0,1.0
190000.0,3.346460912,8.525113218502037E-8,190000.0,0.6309959141981614,0.20034381532318016,0.901,0.2706645056726094,0.6718555555555555,0.12359550561797752,0.44444132333485875,0.2,0.6398276687410245,190000.0,200920.0,137.0,69.0,69.0,17.0,0.0,0.0,1.0
191000.0,3.363620177,8.614428194743477E-8,191000.0,0.5795397981809132,0.18369210602118066,0.91,0.2630199803471991,0.6309959141981614,0.10864745011086474,0.4376222008103685,0.19387755102040816,0.6714637922137493,191000.0,201200.0,137.0,69.0,69.0,17.0,0.0,0.0,1.0
192000.0,3.380780174,8.703746981087657E-8,192000.0,0.6845428105270625,0.2590773213166371,0.906,0.35620847887131074,0.5795397981809132,0.12485939257592801,0.5242911217949351,0.27927927927927926,0.6557958576496168,192000.0,201200.0,137.0,69.0,69.0,17.0,0.0,0.0,1.0
193000.0,3.3995237,8.80244860457215E-8,193000.0,0.6089893644089359,0.20696104230011575,0.921,0.29254576064763504,0.6845428105270625,0.09409190371991247,0.4669364162425048,0.22093023255813954,0.7096915460776849,193000.0,203552.0,141.0,71.0,71.0,17.0,0.0,0.0,1.0
194000.0,3.417622226,8.899263229024493E-8,194000.0,0.6543297470194824,0.2527227452410783,0.917,0.32267014852293213,0.6089893644089359,0.10497237569060773,0.4890424800077271,0.24210526315789474,0.6939655991637367,194000.0,206776.0,141.0,71.0,71.0,17.0,0.0,0.0,1.0
195000.0,3.435122462,8.993004179911894E-8,195000.0,0.6231058124808944,0.14993296568768755,0.899,0.1925426113651626,0.6543297470194824,0.11358574610244988,0.3804814673454129,0.14705882352941177,0.6264013506079633,195000.0,207056.0,141.0,71.0,71.0,17.0,0.0,0.0,1.0
196000.0,3.452712752,9.08722750987071E-8,196000.0,0.6736912934935247,0.23102165572257805,0.903,0.3211086226203815,0.6231058124808944,0.13122171945701358,0.4802626446359692,0.23275862068965517,0.6401491492059889,196000.0,207056.0,141.0,71.0,71.0,17.0,0.0,0.0,1.0
197000.0,3.470212804,9.179877307099185E-8,197000.0,0.6103140443169137,0.18431334062816945,0.927,0.26674434489131776,0.6736912934935247,0.08932461873638345,0.42629945939092706,0.18292682926829268,0.7282245110082209,197000.0,204648.0,143.0,72.0,72.0,17.0,0.0,0.0,1.0
198000.0,3.489401465,9.283968953346418E-8,198000.0,0.6935653235653235,0.21240729906584455,0.923,0.3133583021223469,0.6103140443169137,0.0989010989010989,0.4695879262851852,0.2222222222222222,0.7123667578530328,198000.0,209688.0,145.0,73.0,73.0,17.0,0.0,0.0,1.0
199000.0,3.507167531,9.381567928229975E-8,199000.0,0.7365111111111111,0.23971778403689792,0.918,0.347133757961784,0.6935653235653235,0.1111111111111111,0.49805175991613115,0.25,0.6927219659165804,199000.0,212352.0,145.0,73.0,73.0,17.0,0.0,0.0,1.0
200000.0,3.524818432,9.478534237111814E-8,200000.0,0.6435409035409035,0.18803309928433723,0.918,0.27407932011331515,0.7365111111111111,0.0989010989010989,0.44474958999666075,0.2,0.6917003477770468,200000.0,212352.0,145.0,73.0,73.0,17.0,0.0,0.0,1.0
